=============== Image 0 =============== 
[322, 134]--------------- 
--------------- 
[[[ 438.   54.]
  [ 438.   58.]
  [ 290.  110.]
  [ 294.  110.]
  [ 298.  110.]
  [ 570.  110.]
  [ 286.  114.]
  [ 290.  114.]
  [ 294.  114.]
  [ 406.  114.]
  [ 410.  114.]
  [ 566.  114.]
  [ 570.  114.]
  [ 286.  118.]
  [ 406.  118.]
  [ 410.  118.]
  [ 414.  118.]
  [ 706.  118.]
  [ 286.  122.]
  [ 406.  122.]
  [ 410.  122.]
  [ 706.  122.]
  [ 318.  130.]
  [ 322.  130.]
  [ 326.  130.]
  [  98.  134.]
  [ 102.  134.]
  [ 318.  134.]
  [ 322.  134.]
  [ 326.  134.]
  [ 330.  134.]
  [ 318.  138.]
  [ 322.  138.]
  [ 326.  138.]
  [ 698.  202.]
  [ 702.  202.]
  [ 258.  206.]
  [ 698.  206.]
  [ 702.  206.]]]
=============== Image 1 =============== 
[590, 108]--------------- 
--------------- 
[[[ 614.   70.]
  [ 618.   70.]
  [ 326.   74.]
  [ 618.   74.]
  [ 326.   78.]
  [ 330.   78.]
  [ 238.   86.]
  [ 594.  102.]
  [ 586.  106.]
  [ 590.  106.]
  [ 594.  106.]
  [ 598.  106.]
  [ 586.  110.]
  [ 590.  110.]
  [ 594.  110.]
  [ 598.  110.]
  [ 590.  114.]
  [ 594.  114.]
  [ 598.  114.]
  [ 658.  158.]
  [ 258.  202.]
  [ 262.  202.]
  [ 262.  206.]]]
=============== Image 2 =============== 
[336, 108]--------------- 
--------------- 
[[[  58.  166.]
  [  62.  166.]]]
=============== Image 3 =============== 
[648, 155]--------------- 
--------------- 
[[[ 646.  154.]
  [ 650.  154.]
  [ 654.  154.]
  [ 650.  158.]
  [ 654.  158.]]]
=============== Image 4 =============== 
[590, 108]--------------- 
--------------- 
[[[ 586.  106.]
  [ 590.  106.]
  [ 594.  106.]
  [ 586.  110.]
  [ 590.  110.]
  [ 594.  110.]
  [ 598.  110.]
  [ 590.  114.]
  [ 594.  114.]]]
=============== Image 5 =============== 
[448, 94]--------------- 
--------------- 
[[[ 446.   90.]
  [ 450.   90.]
  [ 442.   94.]
  [ 446.   94.]
  [ 450.   94.]
  [ 442.   98.]
  [ 446.   98.]
  [ 450.   98.]
  [ 454.   98.]]]
=============== Image 6 =============== 
[551, 82]--------------- 
--------------- 
[[[ 550.   82.]
  [ 554.   82.]
  [ 550.   86.]]]
=============== Image 7 =============== 
[583, 104]--------------- 
--------------- 
[[[ 582.  102.]
  [ 586.  102.]
  [ 578.  106.]
  [ 582.  106.]
  [ 586.  106.]
  [ 582.  110.]
  [ 586.  110.]
  [ 166.  178.]
  [ 170.  178.]
  [ 174.  178.]]]
=============== Image 8 =============== 
[564, 104]--------------- 
--------------- 
[[[ 566.  102.]
  [ 626.  102.]
  [ 562.  106.]
  [ 566.  106.]
  [ 570.  106.]
  [ 622.  106.]
  [ 626.  106.]
  [ 566.  110.]
  [ 670.  182.]]]
=============== Image 9 =============== 
[528, 135]--------------- 
--------------- 
[[[ 254.   74.]
  [ 250.   78.]
  [ 670.  122.]
  [ 674.  122.]
  [ 670.  126.]
  [ 526.  134.]
  [ 530.  134.]
  [ 534.  134.]
  [ 526.  138.]
  [ 530.  138.]
  [ 534.  138.]]]
=============== Image 10 =============== 
[551, 82]--------------- 
--------------- 
[[[ 546.   78.]
  [ 550.   78.]
  [ 546.   82.]
  [ 550.   82.]
  [ 554.   82.]
  [ 546.   86.]
  [ 550.   86.]
  [ 554.   86.]]]
=============== Image 11 =============== 
[528, 135]--------------- 
--------------- 
[[[ 446.   34.]
  [ 450.   34.]
  [ 446.   38.]
  [ 450.   38.]
  [ 582.   50.]
  [ 586.   50.]
  [ 246.   78.]
  [ 250.   78.]
  [ 526.  134.]
  [ 530.  134.]
  [ 534.  134.]
  [ 310.  138.]
  [ 526.  138.]
  [ 530.  138.]
  [ 278.  174.]
  [ 282.  174.]]]
=============== Image 12 =============== 
[483, 85]--------------- 
--------------- 
[]
=============== Image 13 =============== 
[432, 56]--------------- 
--------------- 
[[[ 430.   54.]
  [ 434.   54.]
  [ 438.   54.]
  [ 426.   58.]
  [ 430.   58.]
  [ 434.   58.]
  [ 438.   58.]
  [ 430.   62.]
  [ 434.   62.]
  [ 690.  114.]
  [ 694.  118.]
  [ 614.  126.]]]
=============== Image 14 =============== 
[520, 129]--------------- 
--------------- 
[[[ 518.  126.]
  [ 522.  126.]
  [ 518.  130.]
  [ 522.  130.]
  [ 518.  134.]
  [ 522.  134.]
  [ 630.  158.]
  [ 630.  162.]]]
=============== Image 15 =============== 
[557, 134]--------------- 
--------------- 
[[[ 554.  130.]
  [ 558.  130.]
  [ 562.  130.]
  [ 554.  134.]
  [ 558.  134.]
  [ 562.  134.]
  [ 554.  138.]
  [ 558.  138.]
  [ 562.  138.]]]
=============== Image 16 =============== 
[503, 51]--------------- 
--------------- 
[]
=============== Image 17 =============== 
[432, 56]--------------- 
--------------- 
[[[ 430.   54.]
  [ 434.   54.]
  [ 438.   54.]
  [ 426.   58.]
  [ 430.   58.]
  [ 434.   58.]
  [ 438.   58.]
  [ 430.   62.]
  [ 434.   62.]
  [ 466.   70.]
  [ 470.   70.]
  [ 510.   98.]
  [ 690.  114.]]]
=============== Image 18 =============== 
[322, 134]--------------- 
--------------- 
[[[ 534.   38.]
  [ 538.   38.]
  [ 474.   50.]
  [ 582.   78.]
  [ 566.  114.]
  [ 570.  114.]
  [ 322.  130.]
  [ 318.  134.]
  [ 322.  134.]
  [ 326.  134.]
  [ 222.  138.]
  [ 318.  138.]
  [ 322.  138.]
  [ 222.  142.]
  [ 226.  142.]
  [ 698.  202.]
  [ 698.  206.]
  [ 702.  206.]
  [ 698.  210.]
  [ 702.  210.]]]
=============== Image 19 =============== 
[648, 155]--------------- 
--------------- 
[[[ 490.   34.]
  [ 670.   86.]
  [ 294.  110.]
  [ 634.  126.]
  [ 650.  150.]
  [ 646.  154.]
  [ 650.  154.]
  [ 654.  154.]
  [ 646.  158.]
  [ 650.  158.]
  [ 654.  158.]]]
=============== Image 20 =============== 
[448, 94]--------------- 
--------------- 
[[[ 446.   90.]
  [ 446.   94.]
  [ 450.   94.]
  [ 454.   94.]
  [ 446.   98.]
  [ 450.   98.]]]
=============== Image 21 =============== 
[661, 182]--------------- 
--------------- 
[[[ 662.  178.]
  [ 658.  182.]
  [ 662.  182.]
  [ 666.  182.]
  [ 658.  186.]
  [ 662.  186.]
  [ 666.  186.]
  [ 694.  190.]
  [ 698.  190.]
  [ 678.  206.]]]
=============== Image 22 =============== 
[415, 58]--------------- 
--------------- 
[[[ 410.   54.]
  [ 414.   54.]
  [ 418.   54.]
  [ 410.   58.]
  [ 414.   58.]
  [ 418.   58.]
  [ 410.   62.]
  [ 414.   62.]
  [ 418.   62.]
  [ 378.   78.]
  [ 374.   82.]
  [ 378.   82.]
  [ 414.   86.]
  [ 622.   86.]
  [ 414.   90.]
  [ 622.   90.]
  [ 302.   94.]
  [ 306.   94.]
  [ 614.  122.]
  [ 714.  138.]
  [ 694.  198.]
  [ 690.  202.]
  [ 694.  202.]
  [ 698.  202.]
  [ 690.  206.]
  [ 694.  206.]]]
=============== Image 23 =============== 
[583, 104]--------------- 
--------------- 
[[[ 370.   58.]
  [ 374.   58.]
  [ 582.   98.]
  [ 586.   98.]
  [ 578.  102.]
  [ 582.  102.]
  [ 586.  102.]
  [ 578.  106.]
  [ 582.  106.]
  [ 586.  106.]
  [ 590.  106.]
  [ 582.  110.]
  [ 586.  110.]]]
=============== Image 24 =============== 
[557, 134]--------------- 
--------------- 
[[[ 554.  130.]
  [ 558.  130.]
  [ 554.  134.]
  [ 558.  134.]
  [ 562.  134.]
  [ 554.  138.]
  [ 558.  138.]
  [ 562.  138.]]]
=============== Image 25 =============== 
[415, 58]--------------- 
--------------- 
[[[ 410.   58.]
  [ 414.   58.]
  [ 418.   58.]
  [ 410.   62.]
  [ 414.   62.]
  [ 418.   62.]
  [ 410.   86.]
  [ 626.   90.]
  [ 630.   90.]
  [ 134.  190.]
  [ 694.  198.]
  [ 694.  202.]
  [ 698.  202.]
  [ 694.  206.]]]
=============== Image 26 =============== 
[564, 104]--------------- 
--------------- 
[[[ 578.   74.]
  [ 302.   86.]
  [ 558.  102.]
  [ 562.  102.]
  [ 566.  102.]
  [ 570.  102.]
  [ 562.  106.]
  [ 566.  106.]
  [ 570.  106.]
  [ 622.  106.]
  [ 562.  110.]
  [ 566.  110.]
  [ 622.  110.]
  [ 626.  110.]
  [ 630.  162.]
  [ 630.  166.]]]
=============== Image 27 =============== 
[520, 129]--------------- 
--------------- 
[[[ 518.  126.]
  [ 522.  126.]
  [ 526.  126.]
  [ 518.  130.]
  [ 522.  130.]
  [ 526.  130.]
  [ 518.  134.]
  [ 522.  134.]
  [ 526.  134.]]]
=============== Image 28 =============== 
[443, 129]--------------- 
--------------- 
[[[ 610.   74.]
  [ 666.  166.]]]
=============== Image 29 =============== 
[522, 72]--------------- 
--------------- 
[[[ 730.  210.]]]
=============== Image 30 =============== 
[661, 182]--------------- 
--------------- 
[[[ 662.  182.]
  [ 666.  182.]
  [ 662.  186.]]]
=============== Image 31 =============== 
[558, 83]--------------- 
--------------- 
[[[ 558.   82.]
  [ 562.   82.]]]
=============== Image 32 =============== 
[330, 156]--------------- 
--------------- 
[[[ 482.   42.]
  [ 478.   46.]
  [ 482.   46.]
  [ 486.   46.]
  [ 478.   50.]
  [ 482.   50.]
  [ 486.   50.]
  [ 626.   94.]
  [ 638.  122.]
  [ 638.  126.]
  [ 326.  154.]
  [ 330.  154.]
  [ 334.  154.]
  [ 338.  154.]
  [ 326.  158.]
  [ 330.  158.]
  [ 334.  158.]
  [ 338.  158.]
  [ 326.  162.]
  [ 330.  162.]
  [ 334.  162.]
  [ 606.  162.]
  [ 210.  182.]
  [ 214.  182.]
  [ 214.  186.]
  [ 214.  190.]
  [ 250.  198.]
  [ 682.  206.]
  [ 678.  210.]
  [ 682.  210.]
  [ 686.  210.]]]
=============== Image 33 =============== 
[522, 72]--------------- 
--------------- 
[[[ 606.  106.]
  [ 246.  130.]
  [ 182.  158.]
  [ 186.  158.]]]
=============== Image 34 =============== 
[330, 156]--------------- 
--------------- 
[[[ 322.   42.]
  [ 478.   46.]
  [ 482.   46.]
  [ 486.   46.]
  [ 478.   50.]
  [ 482.   50.]
  [ 486.   50.]
  [ 478.   54.]
  [ 482.   54.]
  [ 634.  126.]
  [ 638.  126.]
  [ 634.  130.]
  [ 638.  130.]
  [ 326.  154.]
  [ 330.  154.]
  [ 334.  154.]
  [ 326.  158.]
  [ 330.  158.]
  [ 334.  158.]
  [ 338.  158.]
  [ 634.  158.]
  [ 330.  162.]
  [ 334.  162.]
  [ 214.  178.]
  [ 218.  178.]
  [ 206.  182.]
  [ 210.  182.]
  [ 214.  182.]
  [ 218.  182.]
  [ 210.  186.]
  [ 214.  186.]
  [ 218.  186.]
  [ 326.  206.]
  [ 686.  206.]
  [ 326.  210.]
  [ 686.  210.]]]
=============== Image 35 =============== 
[532, 149]--------------- 
--------------- 
[[[ 530.  146.]
  [ 534.  146.]
  [ 530.  150.]
  [ 534.  150.]
  [ 538.  150.]
  [ 530.  154.]
  [ 534.  154.]]]
=============== Image 36 =============== 
[503, 51]--------------- 
--------------- 
[]
=============== Image 37 =============== 
[558, 83]--------------- 
--------------- 
[]
=============== Image 38 =============== 
[483, 85]--------------- 
--------------- 
[[[ 482.   82.]
  [ 486.   82.]
  [ 482.   86.]
  [ 486.   86.]]]
=============== Image 39 =============== 
[336, 108]--------------- 
--------------- 
[[[ 334.  106.]
  [ 338.  106.]
  [ 342.  106.]
  [ 334.  110.]
  [ 338.  110.]
  [  62.  162.]
  [  46.  206.]]]
=============== Image 40 =============== 
[443, 129]--------------- 
--------------- 
[]
=============== Image 41 =============== 
[532, 149]--------------- 
--------------- 
[[[ 534.   26.]
  [ 538.   26.]
  [ 534.  146.]
  [ 530.  150.]
  [ 534.  150.]
  [ 234.  154.]
  [ 534.  154.]]]
