=============== Image 0 =============== 
[-100, -100]
--------------- 
[[[190  80]
  [ 40 160]
  [160 180]
  [ 90 190]
  [150 240]
  [170 270]
  [  0 390]]]
=============== Image 1 =============== 
[-100, -100]
--------------- 
[[[180 260]
  [180 370]
  [190 420]
  [150 470]]]
=============== Image 2 =============== 
[-100, -100]
--------------- 
[[[180   0]
  [ 40  70]
  [ 50  70]
  [190  70]
  [150 110]
  [170 170]
  [170 230]
  [170 290]
  [100 450]
  [130 450]]]
=============== Image 3 =============== 
[-100, -100]
--------------- 
[[[190  70]
  [180 250]
  [190 250]
  [ 20 310]]]
=============== Image 4 =============== 
[-100, -100]
--------------- 
[[[ 90 250]
  [180 250]]]
=============== Image 5 =============== 
[-100, -100]
--------------- 
[[[100  60]
  [140  90]
  [180 150]
  [180 250]]]
=============== Image 6 =============== 
[490, 76]
--------------- 
[[[180 150]
  [130 160]
  [180 210]
  [180 250]]]
=============== Image 7 =============== 
[528, 135]
--------------- 
[[[ 60  20]
  [110 360]
  [110 440]
  [170 440]]]
=============== Image 8 =============== 
[322, 134]
--------------- 
[[[ 90 130]
  [120 210]
  [ 10 260]
  [130 280]
  [180 320]
  [140 380]
  [ 70 470]]]
=============== Image 9 =============== 
[448, 94]
--------------- 
[[[130 180]
  [140 180]
  [120 250]
  [170 260]
  [180 320]
  [120 420]]]
=============== Image 10 =============== 
[-100, -100]
--------------- 
[[[100  20]
  [130  40]
  [130 250]
  [ 90 280]
  [120 340]
  [190 400]]]
=============== Image 11 =============== 
[583, 104]
--------------- 
[[[190 100]
  [150 170]
  [110 320]]]
=============== Image 12 =============== 
[-100, -100]
--------------- 
[[[ 90 130]
  [160 270]
  [ 80 340]]]
=============== Image 13 =============== 
[-100, -100]
--------------- 
[[[ 70 190]]]
=============== Image 14 =============== 
[590, 108]
--------------- 
[[[ 70  90]
  [110 460]]]
=============== Image 15 =============== 
[-100, -100]
--------------- 
[[[ 80 260]]]
=============== Image 16 =============== 
[-100, -100]
--------------- 
[[[120  50]
  [130  80]
  [170 170]
  [180 360]]]
=============== Image 17 =============== 
[661, 182]
--------------- 
[[[140   0]
  [120  50]
  [ 90 140]
  [100 140]
  [ 70 240]
  [100 270]]]
=============== Image 18 =============== 
[648, 155]
--------------- 
[[[160  20]
  [ 50  40]
  [ 80 240]
  [ 90 270]
  [130 320]
  [120 400]
  [160 400]
  [110 430]
  [120 430]]]
=============== Image 19 =============== 
[-100, -100]
--------------- 
[[[150 270]
  [130 330]
  [ 90 340]]]
=============== Image 20 =============== 
[557, 134]
--------------- 
[[[ 50  40]
  [ 50 100]
  [130 250]
  [150 270]
  [180 280]
  [140 410]
  [150 410]]]
=============== Image 21 =============== 
[564, 104]
--------------- 
[[[ 50 410]
  [110 430]
  [180 460]]]
=============== Image 22 =============== 
[551, 82]
--------------- 
[[[190 250]
  [ 40 320]
  [160 350]]]
=============== Image 23 =============== 
[-100, -100]
--------------- 
[[[ 40 320]
  [120 380]]]
=============== Image 24 =============== 
[-100, -100]
--------------- 
[[[ 30  40]
  [ 80 130]
  [140 160]
  [140 290]
  [120 380]]]
=============== Image 25 =============== 
[-100, -100]
--------------- 
[[[160  50]
  [ 60  70]
  [170 250]
  [ 80 470]
  [ 90 470]
  [100 470]]]
=============== Image 26 =============== 
[336, 108]
--------------- 
[[[120  40]]]
=============== Image 27 =============== 
[503, 51]
--------------- 
[[[170   0]
  [ 70 120]
  [110 130]
  [ 60 310]]]
=============== Image 28 =============== 
[443, 129]
--------------- 
[[[120 280]
  [ 20 320]]]
=============== Image 29 =============== 
[-100, -100]
--------------- 
[[[100  90]
  [140 110]
  [120 280]
  [130 310]
  [180 340]
  [ 80 350]
  [120 420]]]
=============== Image 30 =============== 
[-100, -100]
--------------- 
[[[ 50 110]]]
=============== Image 31 =============== 
[-100, -100]
--------------- 
[[[ 50 110]
  [ 60 110]
  [150 150]
  [ 40 170]
  [ 30 260]
  [ 60 370]
  [110 420]
  [120 420]]]
=============== Image 32 =============== 
[-100, -100]
--------------- 
[[[  0 200]
  [140 220]
  [160 430]]]
=============== Image 33 =============== 
[-100, -100]
--------------- 
[[[100   0]
  [ 80  40]
  [110  50]
  [130 110]
  [140 110]
  [140 150]
  [ 80 280]
  [ 90 430]]]
=============== Image 34 =============== 
[522, 72]
--------------- 
[[[ 90   0]
  [ 70 150]
  [ 90 420]
  [ 80 450]
  [ 90 450]]]
=============== Image 35 =============== 
[330, 156]
--------------- 
[[[ 90   0]
  [140 440]
  [ 90 450]]]
=============== Image 36 =============== 
[520, 129]
--------------- 
[[[160  80]
  [100 170]
  [140 200]
  [190 320]
  [ 50 400]
  [ 60 400]]]
=============== Image 37 =============== 
[460, 105]
--------------- 
[[[110   0]
  [ 30  10]
  [ 30 110]
  [ 30 200]
  [120 260]
  [ 80 350]]]
=============== Image 38 =============== 
[558, 83]
--------------- 
[[[100  20]
  [160  80]
  [190 190]
  [ 80 210]
  [ 10 270]
  [ 40 290]
  [ 20 400]
  [ 30 400]]]
=============== Image 39 =============== 
[-100, -100]
--------------- 
[[[ 40  30]
  [ 80 110]
  [ 30 130]
  [ 50 180]
  [ 60 180]
  [ 20 400]
  [ 30 400]
  [140 450]]]
=============== Image 40 =============== 
[415, 58]
--------------- 
[[[  0 360]
  [ 40 400]
  [ 60 440]
  [ 70 440]]]
=============== Image 41 =============== 
[532, 149]
--------------- 
[[[ 20 100]]]
=============== Image 42 =============== 
[-100, -100]
--------------- 
[[[ 60  30]
  [ 90  50]
  [160  80]
  [ 50 160]
  [ 50 190]
  [130 290]
  [ 60 370]]]
=============== Image 43 =============== 
[432, 56]
--------------- 
[[[ 20 140]
  [ 80 370]]]
=============== Image 44 =============== 
[510, 101]
--------------- 
[]
=============== Image 45 =============== 
[483, 85]
--------------- 
[[[100 170]
  [180 220]
  [190 220]
  [ 20 230]
  [ 50 420]]]
=============== Image 46 =============== 
[-100, -100]
--------------- 
[[[140 300]
  [ 60 360]
  [ 70 360]]]
=============== Image 47 =============== 
[-100, -100]
--------------- 
[[[ 60 210]]]
[0 0 0 ..., 0 0 0][[[0 0 0 ..., 0 0 0]
  [0 0 0 ..., 0 0 0]
  [0 0 0 ..., 0 0 0]
  ..., 
  [0 0 0 ..., 0 0 0]
  [0 0 1 ..., 0 0 0]
  [0 0 0 ..., 0 0 0]]

 [[0 0 0 ..., 0 0 0]
  [0 0 0 ..., 0 0 0]
  [0 0 0 ..., 0 0 0]
  ..., 
  [0 0 0 ..., 0 0 0]
  [0 0 0 ..., 0 0 0]
  [0 0 0 ..., 0 0 0]]

 [[0 0 0 ..., 0 0 0]
  [0 0 0 ..., 0 0 0]
  [0 0 0 ..., 0 0 0]
  ..., 
  [0 0 0 ..., 0 0 0]
  [0 0 0 ..., 0 0 0]
  [0 0 0 ..., 0 0 0]]

 ..., 
 [[0 0 0 ..., 0 0 0]
  [0 0 0 ..., 0 0 0]
  [0 0 0 ..., 0 0 0]
  ..., 
  [0 0 0 ..., 0 0 0]
  [0 0 0 ..., 0 0 0]
  [0 0 0 ..., 0 0 0]]

 [[0 0 0 ..., 0 0 0]
  [0 0 0 ..., 0 0 0]
  [0 0 0 ..., 0 0 0]
  ..., 
  [0 0 0 ..., 0 0 0]
  [0 0 0 ..., 0 0 0]
  [0 0 0 ..., 0 0 0]]

 [[0 0 0 ..., 0 0 0]
  [0 0 0 ..., 0 0 0]
  [0 0 0 ..., 0 0 0]
  ..., 
  [0 0 0 ..., 0 0 0]
  [0 0 0 ..., 0 0 0]
  [0 0 0 ..., 0 0 0]]]