=============== Image 0 =============== 
[322, 134]--------------- 
--------------- 
[[[ 338.   30.]
  [ 306.   46.]
  [ 434.   54.]
  [ 438.   54.]
  [ 434.   58.]
  [ 438.   58.]
  [ 442.   58.]
  [ 582.   78.]
  [ 458.   86.]
  [ 426.   90.]
  [ 574.  106.]
  [ 290.  110.]
  [ 294.  110.]
  [ 566.  110.]
  [ 574.  110.]
  [ 286.  114.]
  [ 290.  114.]
  [ 294.  114.]
  [ 406.  114.]
  [ 410.  114.]
  [ 414.  114.]
  [ 566.  114.]
  [ 570.  114.]
  [ 574.  114.]
  [ 282.  118.]
  [ 286.  118.]
  [ 406.  118.]
  [ 410.  118.]
  [ 570.  118.]
  [ 574.  118.]
  [ 710.  118.]
  [ 406.  122.]
  [ 410.  122.]
  [ 706.  122.]
  [ 318.  130.]
  [ 322.  130.]
  [ 326.  130.]
  [  98.  134.]
  [ 258.  134.]
  [ 314.  134.]
  [ 318.  134.]
  [ 322.  134.]
  [ 326.  134.]
  [ 330.  134.]
  [ 254.  138.]
  [ 314.  138.]
  [ 318.  138.]
  [ 322.  138.]
  [ 326.  138.]
  [ 278.  158.]
  [ 198.  174.]
  [ 238.  174.]
  [ 694.  202.]
  [ 698.  202.]
  [ 702.  202.]
  [ 258.  206.]
  [ 290.  206.]
  [ 294.  206.]
  [ 698.  206.]
  [ 702.  206.]
  [ 642.  210.]
  [ 646.  210.]
  [ 698.  210.]]]
=============== Image 0 =============== 
[590, 108]--------------- 
--------------- 
[[[ 570.   46.]
  [ 482.   66.]
  [ 614.   66.]
  [ 618.   66.]
  [ 322.   70.]
  [ 614.   70.]
  [ 618.   70.]
  [ 622.   70.]
  [ 326.   74.]
  [ 330.   74.]
  [ 618.   74.]
  [ 322.   78.]
  [ 246.   82.]
  [ 238.   86.]
  [ 242.   86.]
  [ 590.  102.]
  [ 594.  102.]
  [ 598.  102.]
  [ 586.  106.]
  [ 590.  106.]
  [ 594.  106.]
  [ 598.  106.]
  [ 586.  110.]
  [ 590.  110.]
  [ 594.  110.]
  [ 598.  110.]
  [ 706.  110.]
  [ 590.  114.]
  [ 594.  114.]
  [ 598.  114.]
  [ 706.  114.]
  [ 622.  126.]
  [ 626.  126.]
  [ 578.  138.]
  [ 694.  150.]
  [ 210.  154.]
  [ 694.  154.]
  [ 658.  158.]
  [ 662.  158.]
  [ 702.  166.]
  [ 258.  178.]
  [ 226.  194.]
  [ 258.  202.]
  [ 262.  202.]
  [ 266.  202.]
  [ 702.  202.]
  [ 258.  206.]
  [ 262.  206.]
  [ 266.  206.]
  [ 702.  206.]
  [ 706.  206.]]]
=============== Image 0 =============== 
[336, 108]--------------- 
--------------- 
[[[ 354.   62.]
  [ 330.  106.]
  [ 334.  106.]
  [ 342.  106.]
  [ 182.  110.]
  [ 330.  110.]
  [ 242.  130.]
  [ 490.  130.]
  [ 666.  162.]
  [  62.  166.]
  [ 674.  170.]
  [ 642.  178.]
  [ 690.  210.]]]
